(1,18,9,'2017-06-25','2017-07-01',5233099,15038167),
(5,13,8,'2017-08-31','2017-09-17',8920374,13059793),
(14,27,2,'2017-08-19','2017-08-26',1636319,2473416),
(2,26,7,'2018-12-15','2018-12-30',9540220,14529178),
(2,7,10,'2016-09-23','2016-09-27',9719075,12134639),
(3,16,9,'2016-12-18','2016-12-25',3025195,12382896),
(6,2,7,'2019-04-24','2019-05-07',4533102,7341236),
(11,21,4,'2018-10-23','2018-11-02',7496702,9165269),
(3,12,10,'2018-09-07','2018-09-10',8785519,11212117),
(12,23,3,'2018-06-11','2018-06-25',5091165,5323004),
(11,11,8,'2016-12-12','2016-12-16',5337270,6633044),
(14,19,6,'2018-02-09','2018-02-13',9281157,14794382),
(2,2,2,'2016-08-07','2016-08-15',3362787,11285799),
(7,1,9,'2018-02-18','2018-03-06',8942572,14584008),
(13,30,6,'2016-02-14','2016-02-17',8861463,10547764),
(10,23,7,'2017-10-10','2017-10-26',9653234,15646795),
(3,7,7,'2016-05-10','2016-05-26',7614658,8885681),
(8,7,3,'2016-11-13','2016-11-19',5456852,10278195),
(8,25,5,'2018-01-01','2018-01-10',5141204,5553441),
(9,30,1,'2019-01-03','2019-01-14',6508138,6697457),
(7,5,1,'2016-01-12','2016-01-25',4283154,7596457),
(15,24,6,'2017-06-26','2017-07-09',4217380,6010621),
(10,14,5,'2019-05-23','2019-05-31',7924753,8703449),
(13,29,9,'2017-07-16','2017-07-20',4556925,13221588),
(3,12,9,'2017-08-04','2017-08-13',4043492,7122234),
(12,2,9,'2016-01-03','2016-01-20',2383543,6722786),
(6,24,9,'2019-04-03','2019-04-16',3954172,5664469),
(9,12,7,'2016-10-17','2016-10-22',2009715,3119657),
(8,27,8,'2016-08-18','2016-09-01',4736298,7713611),
(5,7,3,'2016-06-17','2016-06-21',1847670,7531378),
(3,12,5,'2018-05-17','2018-06-02',5541993,11771819),
(13,11,9,'2019-05-18','2019-05-30',3011554,11448202),
(1,15,6,'2016-07-27','2016-08-12',4735860,11539774),
(2,21,10,'2019-01-24','2019-02-08',5038381,10925746),
(1,19,6,'2018-04-18','2018-04-22',5698827,8125968),
(1,28,1,'2017-10-30','2017-11-07',9855064,11548959),
(8,8,10,'2017-07-31','2017-08-06',9073524,13989686),
(11,3,2,'2019-05-15','2019-05-31',5238759,6221974),
(5,11,2,'2018-05-09','2018-05-26',4286958,4598542),
(5,4,8,'2016-12-30','2017-01-04',3987182,13031095),
(15,3,3,'2016-10-18','2016-10-21',5264441,12943985),
(4,11,8,'2019-11-18','2019-11-27',5015237,6111835),
(1,17,8,'2019-01-04','2019-01-20',1363499,4626879),
(1,9,4,'2017-07-27','2017-08-04',6539216,6629905),
(12,7,5,'2017-10-04','2017-10-13',7083738,11773151),
(6,23,6,'2019-04-20','2019-05-06',1299422,5491594),
(15,13,1,'2017-11-18','2017-12-01',2033858,4843207),
(5,13,8,'2017-06-27','2017-07-01',3540079,5640099),
(6,21,8,'2019-04-30','2019-05-17',9804767,13187556),
(11,19,1,'2016-01-28','2016-02-08',9830095,19508549),
