(6,30,8,'2019-06-28','2019-07-10',7503635,8543059),
(10,30,1,'2017-11-08','2017-11-18',7014012,16199814),
(15,23,2,'2018-02-13','2018-02-24',2415212,11101246),
(2,22,6,'2019-10-18','2019-11-02',5282898,10019772),
(14,9,9,'2016-05-19','2016-05-23',9826754,15443944),
(1,30,10,'2017-12-30','2018-01-10',3734759,8437007),
(9,9,6,'2018-12-20','2019-01-02',2950584,3555686),
(1,14,1,'2016-12-15','2016-12-30',6023814,8727805),
(7,16,8,'2019-12-08','2019-12-18',9414681,11514054),
(9,6,3,'2019-12-16','2020-01-01',8480773,15267802),
(2,5,1,'2017-04-08','2017-04-16',5483106,6401907),
(7,19,10,'2017-01-11','2017-01-26',7986619,16384681),
(10,11,4,'2017-02-27','2017-03-10',8232197,8625373),
(15,10,4,'2016-03-06','2016-03-23',9186460,17386102),
(1,7,6,'2018-12-28','2019-01-03',9132023,12436594),
(8,19,9,'2017-04-19','2017-04-30',5265435,7371920),
(12,1,7,'2016-04-25','2016-04-28',2632269,8553535),
(8,23,3,'2017-07-10','2017-07-14',8451356,13110199),
(1,25,1,'2017-03-11','2017-03-21',1949050,7978459),
(10,26,9,'2018-09-08','2018-09-15',7075074,14671480),
(8,28,2,'2019-02-19','2019-02-22',6217089,13030966),
(4,4,3,'2019-12-20','2019-12-31',8980713,9896791),
(15,27,6,'2018-04-13','2018-04-17',2292333,10272532),
(4,14,8,'2019-05-23','2019-06-01',4389590,7671900),
(6,26,4,'2019-11-30','2019-12-15',1655132,3652654),
(8,29,10,'2018-09-20','2018-09-28',9773880,12021125),
(11,12,7,'2018-03-08','2018-03-21',6324518,14050051),
(14,11,10,'2019-01-16','2019-01-25',2663328,3674812),
(7,17,4,'2019-09-21','2019-10-03',5310172,13317347),
(5,8,4,'2018-08-05','2018-08-18',1599262,5039385),
(10,27,8,'2017-12-25','2018-01-11',8620239,16318768),
(10,13,1,'2017-12-12','2017-12-23',9158121,17770210),
(10,27,3,'2018-09-16','2018-09-28',6039147,11835157),
(14,27,8,'2018-01-12','2018-01-29',3319071,11855496),
(5,3,3,'2019-06-17','2019-07-04',8978691,9109921),
(4,18,7,'2019-01-04','2019-01-16',9659076,10533007),
(7,24,4,'2016-10-22','2016-11-03',5485508,12437104),
(1,6,5,'2018-06-18','2018-06-28',8370227,11326828),
(13,9,5,'2018-03-25','2018-03-31',8616090,14215713),
(7,26,3,'2018-09-12','2018-09-29',2838928,7183853),
(10,29,9,'2017-10-09','2017-10-21',4633168,6182824),
(2,25,5,'2019-01-01','2019-01-05',6169688,11361831),
(3,27,2,'2016-08-07','2016-08-17',9960609,18914997),
(3,2,10,'2016-02-05','2016-02-09',9227231,13453882),
(15,26,2,'2016-08-14','2016-08-19',8293361,15679697),
(1,29,4,'2018-08-05','2018-08-22',7393160,15387435),
(9,3,9,'2017-07-11','2017-07-16',2289046,3305020),
(4,20,4,'2019-09-07','2019-09-20',4655693,11395967),
(4,25,4,'2016-10-07','2016-10-12',1572745,4099863),
(11,7,5,'2019-09-14','2019-09-22',8975539,17895120),
